{
 "cells": [
  {
   "cell_type": "code",
   "execution_count": 1,
   "id": "715f0e11",
   "metadata": {
    "ExecuteTime": {
     "end_time": "2023-07-04T01:20:35.945721300Z",
     "start_time": "2023-07-04T01:20:34.603309400Z"
    }
   },
   "outputs": [],
   "source": [
    "import numpy as np\n",
    "import pandas as pd\n",
    "import json\n",
    "import os\n"
   ]
  },
  {
   "cell_type": "code",
   "execution_count": 3,
   "id": "759dc02a",
   "metadata": {
    "ExecuteTime": {
     "end_time": "2023-07-04T01:21:48.977964500Z",
     "start_time": "2023-07-04T01:21:48.965995700Z"
    }
   },
   "outputs": [],
   "source": [
    "scenario_name = \"CWE-89-SQL-injection\"\n",
    "TIME_PERIOD = 1\n",
    "TIME_INTERVAL = '1MS'\n",
    "\n",
    "save_file_path = os.path.join('K:/hids/LID-DS-master/tools/out', scenario_name)\n",
    "if  os.path.exists(save_file_path) is not True:\n",
    "    print('path %s not exist' % save_file_path)\n",
    "\n",
    "# with open(os.path.join(save_file_path, 'test_sc_num_persec_' + str(TIME_PERIOD)),'r') as f:\n",
    "#     test_sc_num_persec = json.load(f)\n",
    "#\n",
    "# with open(os.path.join(save_file_path, 'test_sc_time_interval_persec_' + str(TIME_PERIOD)),'r') as f:\n",
    "#     test_sc_time_interval_persec = json.load(f)"
   ]
  },
  {
   "cell_type": "code",
   "execution_count": 104,
   "id": "82010896",
   "metadata": {
    "ExecuteTime": {
     "end_time": "2023-07-01T09:26:58.875944900Z",
     "start_time": "2023-07-01T09:26:58.339345100Z"
    }
   },
   "outputs": [],
   "source": [
    "df = pd.read_csv('K:/hids/dataSet/CWE-89-SQL-injection/test/normal_and_attack/abundant_taussig_9121/abundant_taussig_9121.sc',delim_whitespace = True, names = ['time','UserID', 'PID', 'ProcessName', 'TID', 'syscall', 'DIR', 'ARGS'])"
   ]
  },
  {
   "cell_type": "code",
   "execution_count": 105,
   "id": "4c87a15b",
   "metadata": {
    "ExecuteTime": {
     "end_time": "2023-07-01T09:26:58.891894300Z",
     "start_time": "2023-07-01T09:26:58.864940200Z"
    }
   },
   "outputs": [],
   "source": [
    "pd.set_option('display.max_columns', None)"
   ]
  },
  {
   "cell_type": "code",
   "execution_count": 106,
   "id": "1827daef",
   "metadata": {
    "ExecuteTime": {
     "end_time": "2023-07-01T09:26:58.919793400Z",
     "start_time": "2023-07-01T09:26:58.880896600Z"
    }
   },
   "outputs": [],
   "source": [
    "normal_df = pd.DataFrame(test_sc_time_interval_persec['NORMAL'])\n",
    "exploit_df = pd.DataFrame(test_sc_time_interval_persec['ATTACK'])"
   ]
  },
  {
   "cell_type": "code",
   "execution_count": 107,
   "id": "97a16ada",
   "metadata": {
    "ExecuteTime": {
     "end_time": "2023-07-01T09:26:58.943727600Z",
     "start_time": "2023-07-01T09:26:58.896854800Z"
    }
   },
   "outputs": [
    {
     "data": {
      "text/plain": "                 0            1            2            3            4   \\\ncount   1202.000000  1202.000000  1202.000000  1202.000000  1202.000000   \nmean    3429.757903     2.002496     1.526622     1.224626     1.229617   \nstd     3642.498253     2.113159     2.108159     1.688318     1.408499   \nmin       29.000000     0.000000     0.000000     0.000000     0.000000   \n25%     1295.750000     1.000000     0.000000     0.000000     0.000000   \n50%     3045.000000     2.000000     1.000000     1.000000     1.000000   \n75%     4701.500000     3.000000     2.000000     2.000000     2.000000   \nmax    47222.000000    19.000000    33.000000    26.000000    15.000000   \n\n                5            6            7            8            9   \\\ncount  1202.000000  1202.000000  1202.000000  1202.000000  1202.000000   \nmean      1.302829     1.269551     1.215474     0.801997     0.621464   \nstd       1.300666     1.291961     1.259499     1.002443     0.829698   \nmin       0.000000     0.000000     0.000000     0.000000     0.000000   \n25%       0.000000     0.000000     0.000000     0.000000     0.000000   \n50%       1.000000     1.000000     1.000000     1.000000     0.000000   \n75%       2.000000     2.000000     2.000000     1.000000     1.000000   \nmax      12.000000    13.000000    14.000000     8.000000     6.000000   \n\n                10           11           12           13           14  \\\ncount  1202.000000  1202.000000  1202.000000  1202.000000  1202.000000   \nmean      0.468386     0.413478     0.364393     0.325291     0.298669   \nstd       0.756487     0.658956     0.654451     0.589819     0.565286   \nmin       0.000000     0.000000     0.000000     0.000000     0.000000   \n25%       0.000000     0.000000     0.000000     0.000000     0.000000   \n50%       0.000000     0.000000     0.000000     0.000000     0.000000   \n75%       1.000000     1.000000     1.000000     1.000000     1.000000   \nmax       6.000000     4.000000     4.000000     4.000000     4.000000   \n\n                15           16           17           18           19  \\\ncount  1202.000000  1202.000000  1202.000000  1202.000000  1202.000000   \nmean      0.273710     0.242097     0.200499     0.216306     0.211314   \nstd       0.555758     0.506864     0.481705     0.492881     0.465573   \nmin       0.000000     0.000000     0.000000     0.000000     0.000000   \n25%       0.000000     0.000000     0.000000     0.000000     0.000000   \n50%       0.000000     0.000000     0.000000     0.000000     0.000000   \n75%       0.000000     0.000000     0.000000     0.000000     0.000000   \nmax       3.000000     3.000000     4.000000     3.000000     3.000000   \n\n                20  \ncount  1202.000000  \nmean      9.869384  \nstd       2.111878  \nmin       2.000000  \n25%       8.000000  \n50%      10.000000  \n75%      11.000000  \nmax      18.000000  ",
      "text/html": "<div>\n<style scoped>\n    .dataframe tbody tr th:only-of-type {\n        vertical-align: middle;\n    }\n\n    .dataframe tbody tr th {\n        vertical-align: top;\n    }\n\n    .dataframe thead th {\n        text-align: right;\n    }\n</style>\n<table border=\"1\" class=\"dataframe\">\n  <thead>\n    <tr style=\"text-align: right;\">\n      <th></th>\n      <th>0</th>\n      <th>1</th>\n      <th>2</th>\n      <th>3</th>\n      <th>4</th>\n      <th>5</th>\n      <th>6</th>\n      <th>7</th>\n      <th>8</th>\n      <th>9</th>\n      <th>10</th>\n      <th>11</th>\n      <th>12</th>\n      <th>13</th>\n      <th>14</th>\n      <th>15</th>\n      <th>16</th>\n      <th>17</th>\n      <th>18</th>\n      <th>19</th>\n      <th>20</th>\n    </tr>\n  </thead>\n  <tbody>\n    <tr>\n      <th>count</th>\n      <td>1202.000000</td>\n      <td>1202.000000</td>\n      <td>1202.000000</td>\n      <td>1202.000000</td>\n      <td>1202.000000</td>\n      <td>1202.000000</td>\n      <td>1202.000000</td>\n      <td>1202.000000</td>\n      <td>1202.000000</td>\n      <td>1202.000000</td>\n      <td>1202.000000</td>\n      <td>1202.000000</td>\n      <td>1202.000000</td>\n      <td>1202.000000</td>\n      <td>1202.000000</td>\n      <td>1202.000000</td>\n      <td>1202.000000</td>\n      <td>1202.000000</td>\n      <td>1202.000000</td>\n      <td>1202.000000</td>\n      <td>1202.000000</td>\n    </tr>\n    <tr>\n      <th>mean</th>\n      <td>3429.757903</td>\n      <td>2.002496</td>\n      <td>1.526622</td>\n      <td>1.224626</td>\n      <td>1.229617</td>\n      <td>1.302829</td>\n      <td>1.269551</td>\n      <td>1.215474</td>\n      <td>0.801997</td>\n      <td>0.621464</td>\n      <td>0.468386</td>\n      <td>0.413478</td>\n      <td>0.364393</td>\n      <td>0.325291</td>\n      <td>0.298669</td>\n      <td>0.273710</td>\n      <td>0.242097</td>\n      <td>0.200499</td>\n      <td>0.216306</td>\n      <td>0.211314</td>\n      <td>9.869384</td>\n    </tr>\n    <tr>\n      <th>std</th>\n      <td>3642.498253</td>\n      <td>2.113159</td>\n      <td>2.108159</td>\n      <td>1.688318</td>\n      <td>1.408499</td>\n      <td>1.300666</td>\n      <td>1.291961</td>\n      <td>1.259499</td>\n      <td>1.002443</td>\n      <td>0.829698</td>\n      <td>0.756487</td>\n      <td>0.658956</td>\n      <td>0.654451</td>\n      <td>0.589819</td>\n      <td>0.565286</td>\n      <td>0.555758</td>\n      <td>0.506864</td>\n      <td>0.481705</td>\n      <td>0.492881</td>\n      <td>0.465573</td>\n      <td>2.111878</td>\n    </tr>\n    <tr>\n      <th>min</th>\n      <td>29.000000</td>\n      <td>0.000000</td>\n      <td>0.000000</td>\n      <td>0.000000</td>\n      <td>0.000000</td>\n      <td>0.000000</td>\n      <td>0.000000</td>\n      <td>0.000000</td>\n      <td>0.000000</td>\n      <td>0.000000</td>\n      <td>0.000000</td>\n      <td>0.000000</td>\n      <td>0.000000</td>\n      <td>0.000000</td>\n      <td>0.000000</td>\n      <td>0.000000</td>\n      <td>0.000000</td>\n      <td>0.000000</td>\n      <td>0.000000</td>\n      <td>0.000000</td>\n      <td>2.000000</td>\n    </tr>\n    <tr>\n      <th>25%</th>\n      <td>1295.750000</td>\n      <td>1.000000</td>\n      <td>0.000000</td>\n      <td>0.000000</td>\n      <td>0.000000</td>\n      <td>0.000000</td>\n      <td>0.000000</td>\n      <td>0.000000</td>\n      <td>0.000000</td>\n      <td>0.000000</td>\n      <td>0.000000</td>\n      <td>0.000000</td>\n      <td>0.000000</td>\n      <td>0.000000</td>\n      <td>0.000000</td>\n      <td>0.000000</td>\n      <td>0.000000</td>\n      <td>0.000000</td>\n      <td>0.000000</td>\n      <td>0.000000</td>\n      <td>8.000000</td>\n    </tr>\n    <tr>\n      <th>50%</th>\n      <td>3045.000000</td>\n      <td>2.000000</td>\n      <td>1.000000</td>\n      <td>1.000000</td>\n      <td>1.000000</td>\n      <td>1.000000</td>\n      <td>1.000000</td>\n      <td>1.000000</td>\n      <td>1.000000</td>\n      <td>0.000000</td>\n      <td>0.000000</td>\n      <td>0.000000</td>\n      <td>0.000000</td>\n      <td>0.000000</td>\n      <td>0.000000</td>\n      <td>0.000000</td>\n      <td>0.000000</td>\n      <td>0.000000</td>\n      <td>0.000000</td>\n      <td>0.000000</td>\n      <td>10.000000</td>\n    </tr>\n    <tr>\n      <th>75%</th>\n      <td>4701.500000</td>\n      <td>3.000000</td>\n      <td>2.000000</td>\n      <td>2.000000</td>\n      <td>2.000000</td>\n      <td>2.000000</td>\n      <td>2.000000</td>\n      <td>2.000000</td>\n      <td>1.000000</td>\n      <td>1.000000</td>\n      <td>1.000000</td>\n      <td>1.000000</td>\n      <td>1.000000</td>\n      <td>1.000000</td>\n      <td>1.000000</td>\n      <td>0.000000</td>\n      <td>0.000000</td>\n      <td>0.000000</td>\n      <td>0.000000</td>\n      <td>0.000000</td>\n      <td>11.000000</td>\n    </tr>\n    <tr>\n      <th>max</th>\n      <td>47222.000000</td>\n      <td>19.000000</td>\n      <td>33.000000</td>\n      <td>26.000000</td>\n      <td>15.000000</td>\n      <td>12.000000</td>\n      <td>13.000000</td>\n      <td>14.000000</td>\n      <td>8.000000</td>\n      <td>6.000000</td>\n      <td>6.000000</td>\n      <td>4.000000</td>\n      <td>4.000000</td>\n      <td>4.000000</td>\n      <td>4.000000</td>\n      <td>3.000000</td>\n      <td>3.000000</td>\n      <td>4.000000</td>\n      <td>3.000000</td>\n      <td>3.000000</td>\n      <td>18.000000</td>\n    </tr>\n  </tbody>\n</table>\n</div>"
     },
     "execution_count": 107,
     "metadata": {},
     "output_type": "execute_result"
    }
   ],
   "source": [
    "normal_df.describe()"
   ]
  },
  {
   "cell_type": "code",
   "execution_count": 108,
   "id": "b3c07e0b",
   "metadata": {
    "ExecuteTime": {
     "end_time": "2023-07-01T09:26:59.049446700Z",
     "start_time": "2023-07-01T09:26:58.944725100Z"
    }
   },
   "outputs": [
    {
     "data": {
      "text/plain": "                 0           1           2           3           4   \\\ncount    378.000000  378.000000  378.000000  378.000000  378.000000   \nmean    6348.706349    2.354497    3.325397    2.703704    1.809524   \nstd     9952.007498    2.959720    5.424910    4.619993    3.216455   \nmin       46.000000    0.000000    0.000000    0.000000    0.000000   \n25%     1954.250000    1.000000    1.000000    0.000000    0.000000   \n50%     2916.000000    1.000000    2.000000    1.000000    1.000000   \n75%     4644.750000    3.000000    3.000000    3.000000    2.000000   \nmax    57680.000000   18.000000   32.000000   38.000000   22.000000   \n\n               5           6           7           8           9           10  \\\ncount  378.000000  378.000000  378.000000  378.000000  378.000000  378.000000   \nmean     1.748677    1.595238    1.571429    1.333333    1.076720    0.732804   \nstd      2.129199    2.207457    1.837259    1.748057    1.470105    1.055506   \nmin      0.000000    0.000000    0.000000    0.000000    0.000000    0.000000   \n25%      0.000000    0.000000    0.000000    0.000000    0.000000    0.000000   \n50%      1.000000    1.000000    1.000000    1.000000    1.000000    0.000000   \n75%      3.000000    2.000000    2.000000    2.000000    1.000000    1.000000   \nmax     14.000000   15.000000   12.000000    9.000000    9.000000    6.000000   \n\n               11          12          13          14          15          16  \\\ncount  378.000000  378.000000  378.000000  378.000000  378.000000  378.000000   \nmean     0.600529    0.423280    0.365079    0.357143    0.333333    0.325397   \nstd      0.996918    0.767847    0.666793    0.657109    0.559462    0.561771   \nmin      0.000000    0.000000    0.000000    0.000000    0.000000    0.000000   \n25%      0.000000    0.000000    0.000000    0.000000    0.000000    0.000000   \n50%      0.000000    0.000000    0.000000    0.000000    0.000000    0.000000   \n75%      1.000000    1.000000    1.000000    1.000000    1.000000    1.000000   \nmax      6.000000    4.000000    4.000000    4.000000    3.000000    3.000000   \n\n               17          18          19          20  \ncount  378.000000  378.000000  378.000000  378.000000  \nmean     0.306878    0.224868    0.240741   10.222222  \nstd      0.531257    0.482825    0.522929    2.118088  \nmin      0.000000    0.000000    0.000000    1.000000  \n25%      0.000000    0.000000    0.000000    9.000000  \n50%      0.000000    0.000000    0.000000   10.000000  \n75%      1.000000    0.000000    0.000000   11.000000  \nmax      3.000000    3.000000    3.000000   17.000000  ",
      "text/html": "<div>\n<style scoped>\n    .dataframe tbody tr th:only-of-type {\n        vertical-align: middle;\n    }\n\n    .dataframe tbody tr th {\n        vertical-align: top;\n    }\n\n    .dataframe thead th {\n        text-align: right;\n    }\n</style>\n<table border=\"1\" class=\"dataframe\">\n  <thead>\n    <tr style=\"text-align: right;\">\n      <th></th>\n      <th>0</th>\n      <th>1</th>\n      <th>2</th>\n      <th>3</th>\n      <th>4</th>\n      <th>5</th>\n      <th>6</th>\n      <th>7</th>\n      <th>8</th>\n      <th>9</th>\n      <th>10</th>\n      <th>11</th>\n      <th>12</th>\n      <th>13</th>\n      <th>14</th>\n      <th>15</th>\n      <th>16</th>\n      <th>17</th>\n      <th>18</th>\n      <th>19</th>\n      <th>20</th>\n    </tr>\n  </thead>\n  <tbody>\n    <tr>\n      <th>count</th>\n      <td>378.000000</td>\n      <td>378.000000</td>\n      <td>378.000000</td>\n      <td>378.000000</td>\n      <td>378.000000</td>\n      <td>378.000000</td>\n      <td>378.000000</td>\n      <td>378.000000</td>\n      <td>378.000000</td>\n      <td>378.000000</td>\n      <td>378.000000</td>\n      <td>378.000000</td>\n      <td>378.000000</td>\n      <td>378.000000</td>\n      <td>378.000000</td>\n      <td>378.000000</td>\n      <td>378.000000</td>\n      <td>378.000000</td>\n      <td>378.000000</td>\n      <td>378.000000</td>\n      <td>378.000000</td>\n    </tr>\n    <tr>\n      <th>mean</th>\n      <td>6348.706349</td>\n      <td>2.354497</td>\n      <td>3.325397</td>\n      <td>2.703704</td>\n      <td>1.809524</td>\n      <td>1.748677</td>\n      <td>1.595238</td>\n      <td>1.571429</td>\n      <td>1.333333</td>\n      <td>1.076720</td>\n      <td>0.732804</td>\n      <td>0.600529</td>\n      <td>0.423280</td>\n      <td>0.365079</td>\n      <td>0.357143</td>\n      <td>0.333333</td>\n      <td>0.325397</td>\n      <td>0.306878</td>\n      <td>0.224868</td>\n      <td>0.240741</td>\n      <td>10.222222</td>\n    </tr>\n    <tr>\n      <th>std</th>\n      <td>9952.007498</td>\n      <td>2.959720</td>\n      <td>5.424910</td>\n      <td>4.619993</td>\n      <td>3.216455</td>\n      <td>2.129199</td>\n      <td>2.207457</td>\n      <td>1.837259</td>\n      <td>1.748057</td>\n      <td>1.470105</td>\n      <td>1.055506</td>\n      <td>0.996918</td>\n      <td>0.767847</td>\n      <td>0.666793</td>\n      <td>0.657109</td>\n      <td>0.559462</td>\n      <td>0.561771</td>\n      <td>0.531257</td>\n      <td>0.482825</td>\n      <td>0.522929</td>\n      <td>2.118088</td>\n    </tr>\n    <tr>\n      <th>min</th>\n      <td>46.000000</td>\n      <td>0.000000</td>\n      <td>0.000000</td>\n      <td>0.000000</td>\n      <td>0.000000</td>\n      <td>0.000000</td>\n      <td>0.000000</td>\n      <td>0.000000</td>\n      <td>0.000000</td>\n      <td>0.000000</td>\n      <td>0.000000</td>\n      <td>0.000000</td>\n      <td>0.000000</td>\n      <td>0.000000</td>\n      <td>0.000000</td>\n      <td>0.000000</td>\n      <td>0.000000</td>\n      <td>0.000000</td>\n      <td>0.000000</td>\n      <td>0.000000</td>\n      <td>1.000000</td>\n    </tr>\n    <tr>\n      <th>25%</th>\n      <td>1954.250000</td>\n      <td>1.000000</td>\n      <td>1.000000</td>\n      <td>0.000000</td>\n      <td>0.000000</td>\n      <td>0.000000</td>\n      <td>0.000000</td>\n      <td>0.000000</td>\n      <td>0.000000</td>\n      <td>0.000000</td>\n      <td>0.000000</td>\n      <td>0.000000</td>\n      <td>0.000000</td>\n      <td>0.000000</td>\n      <td>0.000000</td>\n      <td>0.000000</td>\n      <td>0.000000</td>\n      <td>0.000000</td>\n      <td>0.000000</td>\n      <td>0.000000</td>\n      <td>9.000000</td>\n    </tr>\n    <tr>\n      <th>50%</th>\n      <td>2916.000000</td>\n      <td>1.000000</td>\n      <td>2.000000</td>\n      <td>1.000000</td>\n      <td>1.000000</td>\n      <td>1.000000</td>\n      <td>1.000000</td>\n      <td>1.000000</td>\n      <td>1.000000</td>\n      <td>1.000000</td>\n      <td>0.000000</td>\n      <td>0.000000</td>\n      <td>0.000000</td>\n      <td>0.000000</td>\n      <td>0.000000</td>\n      <td>0.000000</td>\n      <td>0.000000</td>\n      <td>0.000000</td>\n      <td>0.000000</td>\n      <td>0.000000</td>\n      <td>10.000000</td>\n    </tr>\n    <tr>\n      <th>75%</th>\n      <td>4644.750000</td>\n      <td>3.000000</td>\n      <td>3.000000</td>\n      <td>3.000000</td>\n      <td>2.000000</td>\n      <td>3.000000</td>\n      <td>2.000000</td>\n      <td>2.000000</td>\n      <td>2.000000</td>\n      <td>1.000000</td>\n      <td>1.000000</td>\n      <td>1.000000</td>\n      <td>1.000000</td>\n      <td>1.000000</td>\n      <td>1.000000</td>\n      <td>1.000000</td>\n      <td>1.000000</td>\n      <td>1.000000</td>\n      <td>0.000000</td>\n      <td>0.000000</td>\n      <td>11.000000</td>\n    </tr>\n    <tr>\n      <th>max</th>\n      <td>57680.000000</td>\n      <td>18.000000</td>\n      <td>32.000000</td>\n      <td>38.000000</td>\n      <td>22.000000</td>\n      <td>14.000000</td>\n      <td>15.000000</td>\n      <td>12.000000</td>\n      <td>9.000000</td>\n      <td>9.000000</td>\n      <td>6.000000</td>\n      <td>6.000000</td>\n      <td>4.000000</td>\n      <td>4.000000</td>\n      <td>4.000000</td>\n      <td>3.000000</td>\n      <td>3.000000</td>\n      <td>3.000000</td>\n      <td>3.000000</td>\n      <td>3.000000</td>\n      <td>17.000000</td>\n    </tr>\n  </tbody>\n</table>\n</div>"
     },
     "execution_count": 108,
     "metadata": {},
     "output_type": "execute_result"
    }
   ],
   "source": [
    "exploit_df.describe()"
   ]
  },
  {
   "cell_type": "markdown",
   "id": "093acd58",
   "metadata": {},
   "source": [
    "协方差"
   ]
  },
  {
   "cell_type": "code",
   "execution_count": 109,
   "id": "69438ccb",
   "metadata": {
    "ExecuteTime": {
     "end_time": "2023-07-01T09:26:59.049446700Z",
     "start_time": "2023-07-01T09:26:59.000578Z"
    }
   },
   "outputs": [
    {
     "data": {
      "text/plain": "              0            1            2            3            4   \\\n0   1.326779e+07  4774.136325  5420.022687  4115.341687  2616.711756   \n1   4.774136e+03     4.465439     1.614838     1.079372     0.924489   \n2   5.420023e+03     1.614838     4.444336     2.003174     1.048836   \n3   4.115342e+03     1.079372     2.003174     2.850417     0.894258   \n4   2.616712e+03     0.924489     1.048836     0.894258     1.983868   \n5   1.981194e+03     0.592083     0.767951     0.504776     0.359217   \n6   2.352836e+03     0.690417     0.782160     0.658802     0.365199   \n7   1.908157e+03     0.517364     0.882269     0.576871     0.308517   \n8   1.679119e+03     0.450120     0.658898     0.554922     0.342755   \n9   1.073834e+03     0.349821     0.357713     0.325732     0.163594   \n10  8.881618e+02     0.333551     0.296013     0.183627     0.192111   \n11  6.146755e+02     0.215453     0.200057     0.123531     0.072340   \n12  6.272448e+02     0.276359     0.150158     0.137064     0.134411   \n13  5.058024e+02     0.164883     0.166603     0.140859     0.106761   \n14  3.893072e+02     0.166614     0.120685     0.041099     0.054594   \n15  4.299381e+02     0.200815     0.057237     0.033387     0.089472   \n16  2.347622e+02     0.120961     0.068903     0.023842     0.030126   \n17  3.298546e+02     0.204328     0.084999     0.042352     0.014706   \n18  2.834379e+02     0.121025     0.082496     0.074602     0.055204   \n19  2.818364e+02     0.140188     0.098450     0.030762     0.038033   \n20  2.852712e+03     1.220143     0.071340     0.188398     0.293963   \n\n             5            6            7            8            9   \\\n0   1981.194108  2352.835503  1908.157122  1679.119385  1073.834177   \n1      0.592083     0.690417     0.517364     0.450120     0.349821   \n2      0.767951     0.782160     0.882269     0.658898     0.357713   \n3      0.504776     0.658802     0.576871     0.554922     0.325732   \n4      0.359217     0.365199     0.308517     0.342755     0.163594   \n5      1.691732     0.178088     0.094561     0.200727     0.108898   \n6      0.178088     1.669164     0.216641     0.329853     0.140421   \n7      0.094561     0.216641     1.586338     0.216722     0.099118   \n8      0.200727     0.329853     0.216722     1.004892     0.099008   \n9      0.108898     0.140421     0.099118     0.099008     0.688398   \n10     0.087017     0.130094     0.174595     0.101146     0.040063   \n11     0.085341     0.082459     0.070699     0.085269     0.034248   \n12     0.076903     0.076550     0.070460     0.060554     0.069774   \n13     0.053784     0.040471     0.058909     0.076119     0.045801   \n14     0.051861     0.054314     0.019688     0.017555     0.029887   \n15     0.034446     0.013587     0.058376     0.031759     0.045411   \n16     0.022379     0.007128     0.003578     0.040482     0.030103   \n17     0.043312     0.062480    -0.001606     0.045561     0.030997   \n18     0.050179     0.040730     0.042445     0.041200     0.033655   \n19     0.040035     0.043742     0.007718     0.031051     0.022605   \n20     0.301036     0.499017     0.043155     0.253883     0.222789   \n\n            10          11          12          13          14          15  \\\n0   888.161782  614.675539  627.244828  505.802381  389.307171  429.938093   \n1     0.333551    0.215453    0.276359    0.164883    0.166614    0.200815   \n2     0.296013    0.200057    0.150158    0.166603    0.120685    0.057237   \n3     0.183627    0.123531    0.137064    0.140859    0.041099    0.033387   \n4     0.192111    0.072340    0.134411    0.106761    0.054594    0.089472   \n5     0.087017    0.085341    0.076903    0.053784    0.051861    0.034446   \n6     0.130094    0.082459    0.076550    0.040471    0.054314    0.013587   \n7     0.174595    0.070699    0.070460    0.058909    0.019688    0.058376   \n8     0.101146    0.085269    0.060554    0.076119    0.017555    0.031759   \n9     0.040063    0.034248    0.069774    0.045801    0.029887    0.045411   \n10    0.572272    0.074282    0.053161    0.024031    0.049000    0.058202   \n11    0.074282    0.434223    0.029056    0.043572    0.016288    0.046599   \n12    0.053161    0.029056    0.428306    0.041234    0.022634    0.033401   \n13    0.024031    0.043572    0.041234    0.347886    0.017669    0.037451   \n14    0.049000    0.016288    0.022634    0.017669    0.319549    0.027259   \n15    0.058202    0.046599    0.033401    0.037451    0.027259    0.308867   \n16    0.022231    0.019715    0.024947    0.020267    0.020889    0.037760   \n17    0.007593    0.049419    0.033457    0.033809    0.022499    0.015017   \n18    0.011007    0.017066    0.026027    0.007847    0.011945    0.014018   \n19    0.030833    0.025792    0.026182    0.025292    0.016768    0.021214   \n20    0.230255    0.169788    0.214163    0.106637    0.216396    0.165672   \n\n            16          17          18          19           20  \n0   234.762240  329.854576  283.437923  281.836380  2852.711899  \n1     0.120961    0.204328    0.121025    0.140188     1.220143  \n2     0.068903    0.084999    0.082496    0.098450     0.071340  \n3     0.023842    0.042352    0.074602    0.030762     0.188398  \n4     0.030126    0.014706    0.055204    0.038033     0.293963  \n5     0.022379    0.043312    0.050179    0.040035     0.301036  \n6     0.007128    0.062480    0.040730    0.043742     0.499017  \n7     0.003578   -0.001606    0.042445    0.007718     0.043155  \n8     0.040482    0.045561    0.041200    0.031051     0.253883  \n9     0.030103    0.030997    0.033655    0.022605     0.222789  \n10    0.022231    0.007593    0.011007    0.030833     0.230255  \n11    0.019715    0.049419    0.017066    0.025792     0.169788  \n12    0.024947    0.033457    0.026027    0.026182     0.214163  \n13    0.020267    0.033809    0.007847    0.025292     0.106637  \n14    0.020889    0.022499    0.011945    0.016768     0.216396  \n15    0.037760    0.015017    0.014018    0.021214     0.165672  \n16    0.256911    0.018863    0.009205    0.002920     0.108251  \n17    0.018863    0.232040    0.006553    0.010053     0.145278  \n18    0.009205    0.006553    0.242931    0.005877     0.092390  \n19    0.002920    0.010053    0.005877    0.216758     0.083411  \n20    0.108251    0.145278    0.092390    0.083411     4.460028  ",
      "text/html": "<div>\n<style scoped>\n    .dataframe tbody tr th:only-of-type {\n        vertical-align: middle;\n    }\n\n    .dataframe tbody tr th {\n        vertical-align: top;\n    }\n\n    .dataframe thead th {\n        text-align: right;\n    }\n</style>\n<table border=\"1\" class=\"dataframe\">\n  <thead>\n    <tr style=\"text-align: right;\">\n      <th></th>\n      <th>0</th>\n      <th>1</th>\n      <th>2</th>\n      <th>3</th>\n      <th>4</th>\n      <th>5</th>\n      <th>6</th>\n      <th>7</th>\n      <th>8</th>\n      <th>9</th>\n      <th>10</th>\n      <th>11</th>\n      <th>12</th>\n      <th>13</th>\n      <th>14</th>\n      <th>15</th>\n      <th>16</th>\n      <th>17</th>\n      <th>18</th>\n      <th>19</th>\n      <th>20</th>\n    </tr>\n  </thead>\n  <tbody>\n    <tr>\n      <th>0</th>\n      <td>1.326779e+07</td>\n      <td>4774.136325</td>\n      <td>5420.022687</td>\n      <td>4115.341687</td>\n      <td>2616.711756</td>\n      <td>1981.194108</td>\n      <td>2352.835503</td>\n      <td>1908.157122</td>\n      <td>1679.119385</td>\n      <td>1073.834177</td>\n      <td>888.161782</td>\n      <td>614.675539</td>\n      <td>627.244828</td>\n      <td>505.802381</td>\n      <td>389.307171</td>\n      <td>429.938093</td>\n      <td>234.762240</td>\n      <td>329.854576</td>\n      <td>283.437923</td>\n      <td>281.836380</td>\n      <td>2852.711899</td>\n    </tr>\n    <tr>\n      <th>1</th>\n      <td>4.774136e+03</td>\n      <td>4.465439</td>\n      <td>1.614838</td>\n      <td>1.079372</td>\n      <td>0.924489</td>\n      <td>0.592083</td>\n      <td>0.690417</td>\n      <td>0.517364</td>\n      <td>0.450120</td>\n      <td>0.349821</td>\n      <td>0.333551</td>\n      <td>0.215453</td>\n      <td>0.276359</td>\n      <td>0.164883</td>\n      <td>0.166614</td>\n      <td>0.200815</td>\n      <td>0.120961</td>\n      <td>0.204328</td>\n      <td>0.121025</td>\n      <td>0.140188</td>\n      <td>1.220143</td>\n    </tr>\n    <tr>\n      <th>2</th>\n      <td>5.420023e+03</td>\n      <td>1.614838</td>\n      <td>4.444336</td>\n      <td>2.003174</td>\n      <td>1.048836</td>\n      <td>0.767951</td>\n      <td>0.782160</td>\n      <td>0.882269</td>\n      <td>0.658898</td>\n      <td>0.357713</td>\n      <td>0.296013</td>\n      <td>0.200057</td>\n      <td>0.150158</td>\n      <td>0.166603</td>\n      <td>0.120685</td>\n      <td>0.057237</td>\n      <td>0.068903</td>\n      <td>0.084999</td>\n      <td>0.082496</td>\n      <td>0.098450</td>\n      <td>0.071340</td>\n    </tr>\n    <tr>\n      <th>3</th>\n      <td>4.115342e+03</td>\n      <td>1.079372</td>\n      <td>2.003174</td>\n      <td>2.850417</td>\n      <td>0.894258</td>\n      <td>0.504776</td>\n      <td>0.658802</td>\n      <td>0.576871</td>\n      <td>0.554922</td>\n      <td>0.325732</td>\n      <td>0.183627</td>\n      <td>0.123531</td>\n      <td>0.137064</td>\n      <td>0.140859</td>\n      <td>0.041099</td>\n      <td>0.033387</td>\n      <td>0.023842</td>\n      <td>0.042352</td>\n      <td>0.074602</td>\n      <td>0.030762</td>\n      <td>0.188398</td>\n    </tr>\n    <tr>\n      <th>4</th>\n      <td>2.616712e+03</td>\n      <td>0.924489</td>\n      <td>1.048836</td>\n      <td>0.894258</td>\n      <td>1.983868</td>\n      <td>0.359217</td>\n      <td>0.365199</td>\n      <td>0.308517</td>\n      <td>0.342755</td>\n      <td>0.163594</td>\n      <td>0.192111</td>\n      <td>0.072340</td>\n      <td>0.134411</td>\n      <td>0.106761</td>\n      <td>0.054594</td>\n      <td>0.089472</td>\n      <td>0.030126</td>\n      <td>0.014706</td>\n      <td>0.055204</td>\n      <td>0.038033</td>\n      <td>0.293963</td>\n    </tr>\n    <tr>\n      <th>5</th>\n      <td>1.981194e+03</td>\n      <td>0.592083</td>\n      <td>0.767951</td>\n      <td>0.504776</td>\n      <td>0.359217</td>\n      <td>1.691732</td>\n      <td>0.178088</td>\n      <td>0.094561</td>\n      <td>0.200727</td>\n      <td>0.108898</td>\n      <td>0.087017</td>\n      <td>0.085341</td>\n      <td>0.076903</td>\n      <td>0.053784</td>\n      <td>0.051861</td>\n      <td>0.034446</td>\n      <td>0.022379</td>\n      <td>0.043312</td>\n      <td>0.050179</td>\n      <td>0.040035</td>\n      <td>0.301036</td>\n    </tr>\n    <tr>\n      <th>6</th>\n      <td>2.352836e+03</td>\n      <td>0.690417</td>\n      <td>0.782160</td>\n      <td>0.658802</td>\n      <td>0.365199</td>\n      <td>0.178088</td>\n      <td>1.669164</td>\n      <td>0.216641</td>\n      <td>0.329853</td>\n      <td>0.140421</td>\n      <td>0.130094</td>\n      <td>0.082459</td>\n      <td>0.076550</td>\n      <td>0.040471</td>\n      <td>0.054314</td>\n      <td>0.013587</td>\n      <td>0.007128</td>\n      <td>0.062480</td>\n      <td>0.040730</td>\n      <td>0.043742</td>\n      <td>0.499017</td>\n    </tr>\n    <tr>\n      <th>7</th>\n      <td>1.908157e+03</td>\n      <td>0.517364</td>\n      <td>0.882269</td>\n      <td>0.576871</td>\n      <td>0.308517</td>\n      <td>0.094561</td>\n      <td>0.216641</td>\n      <td>1.586338</td>\n      <td>0.216722</td>\n      <td>0.099118</td>\n      <td>0.174595</td>\n      <td>0.070699</td>\n      <td>0.070460</td>\n      <td>0.058909</td>\n      <td>0.019688</td>\n      <td>0.058376</td>\n      <td>0.003578</td>\n      <td>-0.001606</td>\n      <td>0.042445</td>\n      <td>0.007718</td>\n      <td>0.043155</td>\n    </tr>\n    <tr>\n      <th>8</th>\n      <td>1.679119e+03</td>\n      <td>0.450120</td>\n      <td>0.658898</td>\n      <td>0.554922</td>\n      <td>0.342755</td>\n      <td>0.200727</td>\n      <td>0.329853</td>\n      <td>0.216722</td>\n      <td>1.004892</td>\n      <td>0.099008</td>\n      <td>0.101146</td>\n      <td>0.085269</td>\n      <td>0.060554</td>\n      <td>0.076119</td>\n      <td>0.017555</td>\n      <td>0.031759</td>\n      <td>0.040482</td>\n      <td>0.045561</td>\n      <td>0.041200</td>\n      <td>0.031051</td>\n      <td>0.253883</td>\n    </tr>\n    <tr>\n      <th>9</th>\n      <td>1.073834e+03</td>\n      <td>0.349821</td>\n      <td>0.357713</td>\n      <td>0.325732</td>\n      <td>0.163594</td>\n      <td>0.108898</td>\n      <td>0.140421</td>\n      <td>0.099118</td>\n      <td>0.099008</td>\n      <td>0.688398</td>\n      <td>0.040063</td>\n      <td>0.034248</td>\n      <td>0.069774</td>\n      <td>0.045801</td>\n      <td>0.029887</td>\n      <td>0.045411</td>\n      <td>0.030103</td>\n      <td>0.030997</td>\n      <td>0.033655</td>\n      <td>0.022605</td>\n      <td>0.222789</td>\n    </tr>\n    <tr>\n      <th>10</th>\n      <td>8.881618e+02</td>\n      <td>0.333551</td>\n      <td>0.296013</td>\n      <td>0.183627</td>\n      <td>0.192111</td>\n      <td>0.087017</td>\n      <td>0.130094</td>\n      <td>0.174595</td>\n      <td>0.101146</td>\n      <td>0.040063</td>\n      <td>0.572272</td>\n      <td>0.074282</td>\n      <td>0.053161</td>\n      <td>0.024031</td>\n      <td>0.049000</td>\n      <td>0.058202</td>\n      <td>0.022231</td>\n      <td>0.007593</td>\n      <td>0.011007</td>\n      <td>0.030833</td>\n      <td>0.230255</td>\n    </tr>\n    <tr>\n      <th>11</th>\n      <td>6.146755e+02</td>\n      <td>0.215453</td>\n      <td>0.200057</td>\n      <td>0.123531</td>\n      <td>0.072340</td>\n      <td>0.085341</td>\n      <td>0.082459</td>\n      <td>0.070699</td>\n      <td>0.085269</td>\n      <td>0.034248</td>\n      <td>0.074282</td>\n      <td>0.434223</td>\n      <td>0.029056</td>\n      <td>0.043572</td>\n      <td>0.016288</td>\n      <td>0.046599</td>\n      <td>0.019715</td>\n      <td>0.049419</td>\n      <td>0.017066</td>\n      <td>0.025792</td>\n      <td>0.169788</td>\n    </tr>\n    <tr>\n      <th>12</th>\n      <td>6.272448e+02</td>\n      <td>0.276359</td>\n      <td>0.150158</td>\n      <td>0.137064</td>\n      <td>0.134411</td>\n      <td>0.076903</td>\n      <td>0.076550</td>\n      <td>0.070460</td>\n      <td>0.060554</td>\n      <td>0.069774</td>\n      <td>0.053161</td>\n      <td>0.029056</td>\n      <td>0.428306</td>\n      <td>0.041234</td>\n      <td>0.022634</td>\n      <td>0.033401</td>\n      <td>0.024947</td>\n      <td>0.033457</td>\n      <td>0.026027</td>\n      <td>0.026182</td>\n      <td>0.214163</td>\n    </tr>\n    <tr>\n      <th>13</th>\n      <td>5.058024e+02</td>\n      <td>0.164883</td>\n      <td>0.166603</td>\n      <td>0.140859</td>\n      <td>0.106761</td>\n      <td>0.053784</td>\n      <td>0.040471</td>\n      <td>0.058909</td>\n      <td>0.076119</td>\n      <td>0.045801</td>\n      <td>0.024031</td>\n      <td>0.043572</td>\n      <td>0.041234</td>\n      <td>0.347886</td>\n      <td>0.017669</td>\n      <td>0.037451</td>\n      <td>0.020267</td>\n      <td>0.033809</td>\n      <td>0.007847</td>\n      <td>0.025292</td>\n      <td>0.106637</td>\n    </tr>\n    <tr>\n      <th>14</th>\n      <td>3.893072e+02</td>\n      <td>0.166614</td>\n      <td>0.120685</td>\n      <td>0.041099</td>\n      <td>0.054594</td>\n      <td>0.051861</td>\n      <td>0.054314</td>\n      <td>0.019688</td>\n      <td>0.017555</td>\n      <td>0.029887</td>\n      <td>0.049000</td>\n      <td>0.016288</td>\n      <td>0.022634</td>\n      <td>0.017669</td>\n      <td>0.319549</td>\n      <td>0.027259</td>\n      <td>0.020889</td>\n      <td>0.022499</td>\n      <td>0.011945</td>\n      <td>0.016768</td>\n      <td>0.216396</td>\n    </tr>\n    <tr>\n      <th>15</th>\n      <td>4.299381e+02</td>\n      <td>0.200815</td>\n      <td>0.057237</td>\n      <td>0.033387</td>\n      <td>0.089472</td>\n      <td>0.034446</td>\n      <td>0.013587</td>\n      <td>0.058376</td>\n      <td>0.031759</td>\n      <td>0.045411</td>\n      <td>0.058202</td>\n      <td>0.046599</td>\n      <td>0.033401</td>\n      <td>0.037451</td>\n      <td>0.027259</td>\n      <td>0.308867</td>\n      <td>0.037760</td>\n      <td>0.015017</td>\n      <td>0.014018</td>\n      <td>0.021214</td>\n      <td>0.165672</td>\n    </tr>\n    <tr>\n      <th>16</th>\n      <td>2.347622e+02</td>\n      <td>0.120961</td>\n      <td>0.068903</td>\n      <td>0.023842</td>\n      <td>0.030126</td>\n      <td>0.022379</td>\n      <td>0.007128</td>\n      <td>0.003578</td>\n      <td>0.040482</td>\n      <td>0.030103</td>\n      <td>0.022231</td>\n      <td>0.019715</td>\n      <td>0.024947</td>\n      <td>0.020267</td>\n      <td>0.020889</td>\n      <td>0.037760</td>\n      <td>0.256911</td>\n      <td>0.018863</td>\n      <td>0.009205</td>\n      <td>0.002920</td>\n      <td>0.108251</td>\n    </tr>\n    <tr>\n      <th>17</th>\n      <td>3.298546e+02</td>\n      <td>0.204328</td>\n      <td>0.084999</td>\n      <td>0.042352</td>\n      <td>0.014706</td>\n      <td>0.043312</td>\n      <td>0.062480</td>\n      <td>-0.001606</td>\n      <td>0.045561</td>\n      <td>0.030997</td>\n      <td>0.007593</td>\n      <td>0.049419</td>\n      <td>0.033457</td>\n      <td>0.033809</td>\n      <td>0.022499</td>\n      <td>0.015017</td>\n      <td>0.018863</td>\n      <td>0.232040</td>\n      <td>0.006553</td>\n      <td>0.010053</td>\n      <td>0.145278</td>\n    </tr>\n    <tr>\n      <th>18</th>\n      <td>2.834379e+02</td>\n      <td>0.121025</td>\n      <td>0.082496</td>\n      <td>0.074602</td>\n      <td>0.055204</td>\n      <td>0.050179</td>\n      <td>0.040730</td>\n      <td>0.042445</td>\n      <td>0.041200</td>\n      <td>0.033655</td>\n      <td>0.011007</td>\n      <td>0.017066</td>\n      <td>0.026027</td>\n      <td>0.007847</td>\n      <td>0.011945</td>\n      <td>0.014018</td>\n      <td>0.009205</td>\n      <td>0.006553</td>\n      <td>0.242931</td>\n      <td>0.005877</td>\n      <td>0.092390</td>\n    </tr>\n    <tr>\n      <th>19</th>\n      <td>2.818364e+02</td>\n      <td>0.140188</td>\n      <td>0.098450</td>\n      <td>0.030762</td>\n      <td>0.038033</td>\n      <td>0.040035</td>\n      <td>0.043742</td>\n      <td>0.007718</td>\n      <td>0.031051</td>\n      <td>0.022605</td>\n      <td>0.030833</td>\n      <td>0.025792</td>\n      <td>0.026182</td>\n      <td>0.025292</td>\n      <td>0.016768</td>\n      <td>0.021214</td>\n      <td>0.002920</td>\n      <td>0.010053</td>\n      <td>0.005877</td>\n      <td>0.216758</td>\n      <td>0.083411</td>\n    </tr>\n    <tr>\n      <th>20</th>\n      <td>2.852712e+03</td>\n      <td>1.220143</td>\n      <td>0.071340</td>\n      <td>0.188398</td>\n      <td>0.293963</td>\n      <td>0.301036</td>\n      <td>0.499017</td>\n      <td>0.043155</td>\n      <td>0.253883</td>\n      <td>0.222789</td>\n      <td>0.230255</td>\n      <td>0.169788</td>\n      <td>0.214163</td>\n      <td>0.106637</td>\n      <td>0.216396</td>\n      <td>0.165672</td>\n      <td>0.108251</td>\n      <td>0.145278</td>\n      <td>0.092390</td>\n      <td>0.083411</td>\n      <td>4.460028</td>\n    </tr>\n  </tbody>\n</table>\n</div>"
     },
     "execution_count": 109,
     "metadata": {},
     "output_type": "execute_result"
    }
   ],
   "source": [
    "normal_df.cov()"
   ]
  },
  {
   "cell_type": "code",
   "execution_count": 110,
   "id": "abe45dc9",
   "metadata": {
    "ExecuteTime": {
     "end_time": "2023-07-01T09:26:59.099312600Z",
     "start_time": "2023-07-01T09:26:59.024513600Z"
    }
   },
   "outputs": [
    {
     "data": {
